,1,2,3,4,5,6,7,8,9,10,11,12,13,14,15,16,17,18,19,20,id,i
0349669,0,0,0,0,0,0,0,0,0,0,0,0,0,0,0,0,0,0,0,0,0349669,Joseph Gutowski
0480553,0,0,0,0,0,0,0,1,1,1,1,1,1,1,1,1,1,1,1,0,0480553,Ivan Ladizinsky
1105618,0,0,0,0,0,0,0,0,0,0,0,0,0,0,0,0,0,0,0,0,1105618,Dilip Kotalgi
0424489,1,1,1,1,1,1,1,1,1,1,1,1,1,1,1,1,1,1,1,0,0424489,Allyson C. Johnson
0588998,1,1,1,1,1,1,1,1,1,1,1,1,2,2,2,2,2,2,2,0,0588998,Michael R. Miller
0258424,0,0,0,0,0,0,0,0,0,0,0,0,0,0,1,1,1,1,1,0,0258424,Anne Goursaud
1174577,0,0,0,0,0,0,0,0,0,0,0,0,0,0,0,0,0,0,0,0,1174577,Andreas Jonsson
0199482,0,0,0,0,0,0,1,1,3,4,4,4,4,4,4,4,5,5,5,0,0199482,Henry Dangar
0809449,0,0,0,0,0,0,0,0,0,0,0,0,0,0,1,1,1,1,1,0,0809449,Nicholas C. Smith
0044064,0,0,0,0,0,0,0,0,0,1,1,1,1,1,1,1,1,1,1,0,0044064,Suresh Ayyar
0763572,0,0,0,0,0,0,0,0,0,0,0,0,0,0,0,0,0,0,0,0,0763572,Ed Santiago
0333315,1,1,1,1,1,2,2,2,2,2,2,2,2,2,2,2,3,4,4,0,0333315,Alison Grace
0712801,0,0,0,0,0,0,0,0,0,0,0,0,0,0,0,0,0,1,2,0,0712801,David Ray
0640170,0,0,0,0,0,0,0,0,0,0,0,0,0,0,0,0,0,1,1,0,0640170,Stephen O'Connell
0167613,2,2,2,2,2,2,2,2,2,2,2,2,2,2,2,3,3,3,3,0,0167613,Anne V. Coates
0223737,2,2,2,2,2,2,2,2,2,2,2,2,2,2,2,2,2,2,2,0,0223737,Pia Di Ciaula
0259276,0,0,0,0,0,0,0,0,0,0,0,0,0,1,1,1,1,1,1,0,0259276,Skule Eriksen
0274729,0,0,0,0,0,0,0,0,0,0,2,2,2,2,2,2,5,6,6,0,0274729,Robert A. Ferretti
0293435,0,0,0,0,0,0,0,0,0,0,0,0,0,0,1,1,1,1,1,0,0293435,Jeff Freeman
0255030,0,0,0,0,0,0,0,0,0,0,0,0,1,1,1,2,2,2,2,0,0255030,Peter B. Ellis
0062661,0,0,0,0,0,0,0,0,0,0,0,0,0,0,0,0,0,0,0,0,0062661,Baxter
0462732,1,1,1,1,1,2,2,2,2,2,2,2,2,2,2,2,2,2,2,0,0462732,Bonnie Koehler
0714282,0,0,0,0,0,0,0,0,0,0,0,1,1,1,1,1,1,1,1,0,0714282,Paulo Rebelo
0403963,0,0,0,0,1,2,2,2,2,2,2,2,2,2,2,2,3,4,4,0,0403963,Karim Hussain
0152728,0,0,0,0,0,0,0,1,1,1,1,2,2,2,2,2,2,2,4,0,0152728,David Charap
0386246,0,0,0,0,0,0,0,0,0,0,0,0,0,0,0,0,0,0,0,0,0386246,Rajkumar Hirani
7415085,0,0,0,0,0,0,0,0,0,0,0,0,0,0,0,0,0,0,0,0,7415085,Simon Martin
0781673,0,0,0,0,0,0,0,0,0,0,0,0,0,0,0,0,0,1,1,0,0781673,Shawn Seet
0928691,0,1,1,1,2,2,2,2,2,2,2,2,2,2,2,2,2,2,2,0,0928691,Gavin Wilding
0031697,2,6,6,6,6,6,6,6,6,6,6,6,10,10,10,10,10,10,10,0,0031697,Tariq Anwar
0459806,1,2,2,3,3,3,3,3,3,3,3,3,3,3,3,3,3,3,3,0,0459806,Lynzee Klingman
0277987,0,0,0,0,1,1,1,1,1,1,1,1,1,1,1,1,1,1,1,0,0277987,Mary Finlay
0002500,0,0,0,0,0,0,0,0,0,0,0,0,0,0,0,0,6,13,13,0,0002500,Tom McArdle
0266740,0,0,0,0,0,0,0,0,0,0,0,0,0,0,0,0,0,0,0,0,0266740,Stephan Fanfara
0602872,0,0,0,0,0,0,1,1,1,1,1,1,1,1,1,1,1,1,1,0,0602872,Jane Moran
0328557,0,0,0,0,0,0,0,0,0,0,0,0,0,0,0,1,3,5,5,0,0328557,Affonso Gonçalves
0134164,1,1,1,1,1,1,1,1,1,1,1,1,1,1,1,1,1,1,1,0,0134164,Bruce Cannon
0228850,1,1,1,1,1,1,1,1,1,1,1,1,1,1,1,1,1,1,1,0,0228850,Humphrey Dixon
0742708,1,1,1,1,1,1,1,1,1,1,1,1,1,1,1,1,1,2,2,0,0742708,Harvey Rosenstock
0539794,2,2,2,2,2,2,2,2,2,2,2,2,3,3,3,3,3,3,3,0,0539794,Barry Malkin
0226977,0,0,0,0,0,0,0,0,0,0,0,0,0,0,0,0,0,0,0,0,0226977,Cushla Dillon
0002129,2,2,2,2,2,2,2,2,2,2,2,2,2,2,2,2,2,2,2,0,0002129,Greg Harrison
0743293,0,0,0,0,1,1,1,1,1,1,1,1,1,1,1,1,1,1,1,0,0743293,Caroline Ross
0943587,0,0,0,0,0,0,0,0,0,0,0,0,0,0,0,0,0,0,0,0,0943587,Sue Wyatt
0806817,0,0,0,0,0,0,0,0,0,0,0,0,0,0,0,0,0,0,1,0,0806817,Jonas Smensgard
0103457,1,1,1,1,1,1,1,1,1,1,1,1,1,1,1,1,1,1,1,0,0103457,Michael Bradsell
0079567,1,1,1,1,1,1,1,1,1,1,1,1,1,1,1,1,1,1,1,0,0079567,Avril Beukes
0398167,1,2,2,2,3,3,3,3,3,3,3,3,3,3,3,3,3,3,3,0,0398167,Niven Howie
0554480,0,0,0,0,1,1,1,1,2,2,2,2,2,2,2,2,3,4,4,0,0554480,David Martin
0943046,0,0,0,0,0,0,0,0,0,0,0,0,0,0,0,0,0,0,0,0,0943046,Gabriel Wrye
0318105,0,0,0,0,0,0,0,0,0,0,0,0,0,0,0,0,0,0,0,0,0318105,John Gilbert
0695252,0,0,0,1,1,1,2,2,2,2,2,2,2,2,2,2,2,2,2,0,0695252,A. Sreekar Prasad
0633971,0,0,0,0,0,0,0,1,2,2,2,2,2,2,2,2,2,3,3,0,0633971,Dona Noga
0002939,0,0,0,0,0,0,0,0,0,0,0,0,0,0,0,0,0,0,0,0,0002939,Mustafa Presheva
2135127,0,0,0,0,0,0,0,0,0,0,0,0,0,0,0,0,0,0,0,0,2135127,Daniel Duncan
0449323,0,0,0,0,0,0,0,0,0,0,0,0,0,0,1,1,1,1,1,0,0449323,Yannick Kergoat
0562307,0,0,0,0,0,0,0,0,0,0,0,0,0,0,0,0,0,0,0,0,0562307,V.N. Mayekar
1135527,0,0,0,0,0,0,0,0,1,2,2,2,2,2,5,6,6,6,6,0,1135527,Vito Cajili
0847258,0,0,0,0,0,0,0,0,0,0,0,0,0,0,0,0,1,1,1,0,0847258,Troy Takaki
0741262,2,2,2,2,3,3,3,3,3,3,3,3,3,6,6,6,6,6,6,0,0741262,Bernard Rose
0589455,0,0,0,0,0,0,0,0,0,0,0,1,1,1,1,1,1,1,1,0,0589455,Tony Miller
0919443,0,0,0,0,0,0,0,0,0,0,0,0,0,0,0,0,1,2,2,0,0919443,Hansjörg Weißbrich
0867332,0,0,0,0,0,0,0,0,0,0,0,0,1,1,1,1,1,1,1,0,0867332,Camilla Toniolo
0506418,0,0,0,0,0,0,0,0,0,0,0,0,0,0,0,0,0,0,0,0,0506418,Gary Levy
0749593,0,0,0,0,0,0,0,0,0,0,0,0,0,0,0,0,1,3,3,0,0749593,Nacho Ruiz Capillas
0475957,0,0,0,0,0,0,0,0,0,0,0,0,0,0,0,0,0,0,0,0,0475957,Jane Kurson
0882119,0,0,0,0,0,0,0,0,0,0,0,0,0,0,0,0,0,0,0,0,0882119,Suresh Urs
0659380,0,0,1,4,5,6,6,8,9,9,9,9,9,9,9,9,9,9,9,0,0659380,Danny Pang
0330565,0,0,0,1,1,1,1,1,1,1,1,1,1,1,1,1,1,1,1,0,0330565,Robert Gordon
0456974,0,0,0,0,0,1,1,1,1,1,1,1,1,1,1,2,2,2,2,0,0456974,Justin Krish
0511742,2,2,2,2,2,2,2,2,2,2,2,2,2,2,2,2,2,2,2,0,0511742,Stu Linder
0739828,1,1,1,1,1,1,1,1,1,1,1,1,1,1,1,1,1,1,1,0,0739828,Raúl Román
0789654,0,0,0,0,0,0,0,0,0,2,2,3,3,3,3,3,3,3,3,0,0789654,Chris Shaw
0554339,0,0,0,0,0,0,0,0,0,0,0,0,0,0,0,0,0,0,0,0,0554339,Vessela Martschewski
0958334,0,0,0,0,0,0,0,0,1,1,1,1,1,3,4,4,4,4,4,0,0958334,Lucia Zucchetti
0076670,0,0,0,0,0,0,0,0,0,0,1,1,1,4,8,8,8,8,8,0,0076670,Alexander Berner
0162933,0,0,0,0,0,0,0,0,0,0,0,0,0,0,0,0,0,0,0,0,0162933,Sam Citron
0799200,0,0,0,0,1,1,1,1,1,1,1,1,1,1,1,1,1,1,1,0,0799200,Roberto Silvi
0291209,0,0,0,0,0,0,0,0,0,0,0,0,0,0,0,0,0,0,0,0,0291209,Eli Frankel
0323018,1,1,2,3,3,3,3,3,3,3,3,3,3,3,3,3,3,3,3,0,0323018,Danny Gloria
0108132,0,0,0,0,0,0,1,3,3,3,3,3,3,3,3,3,3,3,3,0,0108132,Craig Brewer
0659597,0,0,1,1,1,1,1,1,1,1,2,2,2,2,2,2,2,2,2,0,0659597,Bill Pankow
0496788,2,2,2,2,2,2,2,2,2,3,3,3,3,3,3,3,3,3,4,0,0496788,Allan Lee
0003739,0,0,0,0,0,0,0,0,0,0,0,0,0,0,0,0,1,1,1,0,0003739,Randy Carter
1093039,0,0,0,0,0,0,0,0,0,0,0,0,2,2,3,4,4,4,6,0,1093039,Mike Flanagan
0185677,2,2,2,2,2,2,2,2,2,2,2,2,2,2,2,2,2,2,2,0,0185677,Ian Crafford
0339856,0,0,0,1,1,1,3,3,3,3,4,4,4,4,4,4,4,4,6,0,0339856,Jon Gregory
0224084,0,0,0,0,0,0,0,0,0,0,0,0,0,0,0,0,0,0,0,0,0224084,Vince Di Meglio
0206457,0,0,0,0,0,0,0,0,0,0,0,0,0,0,0,0,0,0,0,0,0206457,Julian Day
0794156,0,1,2,2,2,2,2,3,3,3,3,3,3,3,3,3,4,4,4,0,0794156,Susan Shipton
0552863,0,0,0,0,0,0,0,0,0,0,0,0,0,0,0,0,0,0,0,0,0552863,Pamela Martin
0445140,1,1,1,1,1,1,1,1,1,1,1,1,1,1,1,1,1,1,1,0,0445140,Andy Keir
0605758,0,0,0,0,0,0,0,0,0,0,0,1,1,1,1,1,1,1,1,0,0605758,David Moritz
0339237,0,0,0,0,0,0,0,0,0,0,0,0,0,0,0,0,0,0,0,0,0339237,David Greenwald
0674419,1,1,1,1,1,1,2,7,7,7,7,7,7,7,8,8,8,8,8,0,0674419,Geraldine Peroni
1007824,0,0,0,1,1,1,1,1,1,1,3,3,3,3,3,3,3,3,3,0,1007824,Luciana Pandolfelli
0453479,0,0,0,0,0,0,0,0,0,0,0,0,0,0,0,0,0,0,0,0,0453479,Hyun Kim
0228358,0,0,0,0,0,0,0,0,0,0,0,0,0,0,0,0,0,0,0,0,0228358,Dermot Diskin
0428656,1,1,1,1,1,1,1,1,1,1,1,1,1,1,1,1,2,2,4,0,0428656,Leslie Jones
0108629,0,0,0,0,0,0,0,0,0,0,0,0,0,0,0,0,0,0,0,0,0108629,Wendy Greene Bricmont
0486366,0,0,0,0,0,0,0,0,0,0,0,0,0,0,0,0,0,0,1,0,0486366,Inge-Lise Langfeldt
0164083,1,1,1,1,1,1,2,2,2,2,2,2,2,2,2,2,2,2,2,0,0164083,Jim Clark
0661824,0,0,0,0,0,0,0,0,1,1,2,2,2,2,2,2,2,2,2,0,0661824,Gok-ji Park
0873451,0,0,0,0,0,0,0,0,0,0,0,0,0,0,0,0,0,0,0,0,0873451,Leo Trombetta
0006874,0,0,0,0,0,0,0,0,0,0,0,0,0,0,0,0,0,0,0,0,0006874,Julie Davis
0374375,0,0,0,0,0,0,0,0,0,0,0,0,0,0,0,0,0,0,0,0,0374375,Rudi Heinen
0002644,0,0,0,0,0,0,0,0,0,0,0,0,0,0,0,0,0,0,0,0,0002644,Brian Berdan
0743164,0,0,0,0,0,0,0,0,1,1,1,1,1,1,1,1,1,1,1,0,0743164,Craig Ross Jr.
0459703,0,0,0,0,0,0,0,0,0,0,0,0,1,1,1,1,1,1,1,0,0459703,Elizabeth Kling
0329125,0,0,0,0,0,0,0,0,0,0,0,1,1,1,1,1,1,1,3,0,0329125,Joel Goodman
0006418,0,0,0,0,0,0,0,0,0,0,0,0,0,0,0,0,0,0,0,0,0006418,Peter Alderliesten
0495603,0,1,1,1,1,1,1,2,2,3,3,3,3,3,3,3,3,5,5,0,0495603,Dan Lebental
0122215,0,0,0,1,1,1,1,1,1,1,1,1,1,1,1,1,1,1,1,0,0122215,Hussain A. Burmawala
0501001,0,0,0,1,1,1,1,1,1,1,1,1,1,1,1,1,1,1,1,0,0501001,Julien Leloup
0592537,0,1,1,1,1,1,1,1,3,3,3,3,5,6,6,8,17,25,25,0,0592537,Stephen Mirrione
0576685,0,0,0,0,0,0,0,0,0,0,0,0,0,0,0,0,0,0,1,0,0576685,Isabel Meier
0038407,0,0,0,0,0,0,0,0,0,1,1,1,1,3,3,3,3,3,3,0,0038407,Sunij Asavinikul
1859988,0,0,0,0,0,0,0,0,0,0,0,0,0,0,0,0,0,0,0,0,1859988,David Freeman
0295302,0,0,0,0,0,0,0,0,0,0,0,0,0,0,0,0,0,0,0,0,0295302,Matt Friedman
0002515,0,0,0,0,0,0,0,0,0,1,2,2,2,2,2,2,2,2,2,0,0002515,Sabine El Gemayel
0004117,1,1,1,1,1,1,1,1,1,1,1,1,1,1,1,1,1,1,1,0,0004117,Roger Bondelli
0244903,0,0,0,0,0,0,1,1,1,1,1,1,2,2,2,2,3,3,3,0,0244903,Sanjib Datta
0758128,1,1,1,1,1,1,1,1,1,1,1,1,1,1,1,1,1,1,1,0,0758128,Robin Sales
0097132,0,0,0,0,1,1,1,1,1,1,1,1,1,1,1,1,1,1,1,0,0097132,Charles Bornstein
0266377,2,2,2,2,2,2,2,2,2,2,2,2,2,2,2,2,2,2,2,0,0266377,Lawrence Jordan
0368359,0,0,0,0,0,0,0,0,0,0,0,0,0,0,0,0,0,0,1,0,0368359,Hassan Hassandoost
0505720,1,1,1,1,1,1,1,1,1,1,1,1,1,1,1,1,1,1,1,0,0505720,Sidney Levin
0357041,2,2,2,2,2,2,2,2,2,2,2,2,2,2,2,2,2,2,2,0,0357041,Richard Halsey
0209303,0,1,1,1,1,1,1,2,2,2,2,3,3,3,3,3,3,3,3,0,0209303,Luis de la Madrid
0384190,0,0,0,0,1,1,1,1,1,1,1,1,1,1,1,1,1,1,1,0,0384190,Dennis M. Hill
0218080,0,0,0,0,0,0,0,0,0,0,0,0,0,0,0,0,0,0,0,0,0218080,Lee Demarbre
0522487,1,1,1,1,1,1,1,1,1,1,1,1,1,1,1,1,1,1,1,0,0522487,Ray Lovejoy
0007131,0,1,1,1,1,1,1,4,4,4,4,4,4,4,4,4,4,4,4,0,0007131,Subhash Ghai
1013003,0,0,0,0,0,0,0,0,2,2,2,2,2,3,3,3,3,5,6,0,1013003,Michael Brown
0003893,0,0,0,0,0,0,0,4,4,4,4,4,4,4,4,5,7,7,7,0,0003893,Hughes Winborne
0003237,0,0,0,0,0,0,0,0,0,0,0,0,0,1,2,2,2,2,2,0,0003237,Kate Sanford
0461905,0,0,0,0,0,0,0,0,0,1,1,1,1,1,1,1,1,1,1,0,0461905,Im-Pyo Ko
0484981,1,1,1,1,1,1,1,1,2,2,2,2,2,2,2,2,2,2,2,0,0484981,Sylvie Landra
0872386,0,0,0,0,0,0,0,0,0,0,0,0,0,0,0,0,0,0,0,0,0872386,Jamie Trevill
1145655,0,0,0,0,0,0,1,1,1,1,1,1,1,1,1,1,1,1,1,0,1145655,Shirish Kunder
0563701,1,1,1,1,1,1,1,1,1,1,1,1,1,1,1,1,1,1,1,0,0563701,Paolo Mazzucato
3222742,0,0,0,0,0,0,0,0,0,0,0,0,0,0,0,0,0,0,0,0,3222742,P.S. Bharathi
0720123,1,1,1,1,1,1,1,2,2,2,2,2,2,2,2,2,2,2,2,0,0720123,Guillermo Represa
1171145,0,0,0,0,0,0,0,0,0,0,0,0,0,0,1,1,1,1,1,0,1171145,Patrick Kennedy
0719265,0,0,0,0,0,0,0,0,0,0,0,0,0,0,0,0,0,0,0,0,0719265,Catherine Renault
0501921,0,0,0,0,1,1,1,1,1,1,1,1,1,1,1,1,1,1,1,0,0501921,B. Lenin
0386227,1,1,1,1,1,1,1,1,1,1,1,1,1,1,1,1,1,1,1,0,0386227,Masahiro Hirakubo
0291054,1,1,1,1,1,1,1,2,2,2,2,2,2,2,2,2,2,2,2,0,0291054,Peter C. Frank
0563387,0,0,0,0,0,0,0,0,0,0,0,0,1,1,2,2,2,4,4,0,0563387,Lara Mazur
0745486,1,1,1,1,1,1,2,2,2,2,2,2,2,2,2,2,2,2,2,0,0745486,Nick Rotundo
0276568,0,0,0,0,0,0,0,0,0,0,0,0,0,0,1,2,2,2,2,0,0276568,Chris Figler
0523154,1,1,3,3,3,3,3,3,3,3,3,3,3,3,3,4,4,4,4,0,0523154,Richard Lowenstein
0802356,0,0,0,0,0,0,0,0,0,0,0,0,0,0,0,0,0,1,1,0,0802356,Aseem Sinha
0466153,1,4,4,4,4,5,5,5,5,7,7,7,7,8,10,11,13,14,18,0,0466153,Hirokazu Koreeda
0704950,1,1,1,1,1,1,1,1,1,1,1,1,4,9,9,9,9,9,9,0,0704950,Jay Rabinowitz
0971680,0,0,0,0,0,0,0,0,0,1,6,6,6,6,6,6,11,13,13,0,0971680,Elliot Graham
0429247,0,0,0,0,0,0,0,0,0,0,0,0,0,0,0,0,0,0,0,0,0429247,Sherwood Jones
0581541,0,0,0,0,0,0,0,0,0,0,0,2,3,4,4,5,5,5,5,0,0581541,Andrea Mertens
0554376,0,0,0,0,0,0,0,0,0,0,0,0,0,0,0,0,0,0,0,0,0554376,Karin Hartusch
1358909,0,0,0,0,0,0,0,0,0,0,0,0,0,0,0,0,0,0,0,0,1358909,Nina Altaparmakova
1075633,0,0,0,0,1,1,1,1,2,2,2,2,2,2,2,2,2,2,2,0,1075633,Norman Cohn
0521187,1,1,1,1,1,1,1,1,1,1,1,1,1,2,3,3,3,3,3,0,0521187,William Lorton
0706800,0,0,0,0,0,0,0,0,0,0,0,0,0,0,0,0,0,0,0,0,0706800,Rajiv Rai
0051130,1,1,1,1,1,1,1,1,1,1,1,1,1,1,1,1,1,1,1,0,0051130,Dean Balser
0303348,0,0,0,0,0,0,1,1,1,1,1,1,1,1,1,1,1,1,1,0,0303348,Nigel Galt
0702741,0,0,0,0,0,0,0,1,1,1,1,1,1,1,1,1,1,1,2,0,0702741,Jacopo Quadri
0594366,0,0,0,0,0,0,0,0,0,0,0,0,0,1,1,1,1,1,2,0,0594366,Ryûji Miyajima
0607673,2,2,2,2,2,2,2,2,2,2,2,2,2,2,3,3,3,3,3,0,0607673,Susan E. Morse
0399600,0,0,0,0,0,0,0,0,0,0,0,0,0,0,0,0,0,0,0,0,0399600,Brian Huckeba
0003475,0,0,0,0,0,0,0,0,0,0,0,0,0,0,0,2,7,7,7,0,0003475,Saul Pincus
5436411,0,0,0,0,0,0,0,0,0,0,0,0,0,0,0,0,0,0,0,0,5436411,William Chang
0950841,1,1,1,1,1,1,1,1,1,1,1,1,1,1,1,1,1,1,1,0,0950841,Chatrichalerm Yukol
0357835,0,0,0,0,0,0,0,0,0,0,0,0,0,0,0,0,0,1,1,0,0357835,Eddie Hamilton
0195451,2,2,2,2,3,3,3,3,3,3,3,4,6,6,6,6,6,6,6,0,0195451,Marcus D'Arcy
1377689,0,0,0,0,0,0,0,0,0,0,0,0,0,1,1,1,1,1,1,0,1377689,Hari
0285701,0,0,0,0,1,1,1,2,2,2,2,2,2,2,3,4,4,4,4,0,0285701,Jeffrey Ford
0064444,0,0,0,0,0,0,0,0,0,0,0,0,0,0,1,1,1,1,1,0,0064444,Pete Beaudreau
0851192,0,0,0,0,0,0,0,0,0,0,0,0,0,0,0,1,1,1,1,0,0851192,Robert Tate
0106636,0,0,0,0,0,0,0,0,0,1,1,1,1,1,1,1,1,2,2,0,0106636,James Bredin
0169212,0,0,0,0,0,0,0,0,0,0,0,0,0,0,0,0,0,0,0,0,0169212,Andrew Cohen
0003523,0,0,0,0,0,0,0,0,0,0,0,0,0,0,0,0,0,0,0,0,0003523,Toby Yates
0767817,0,0,0,0,0,0,0,0,1,1,1,1,1,1,1,1,1,1,1,0,0767817,Jill Savitt
1178910,0,0,0,0,0,1,1,1,2,2,2,2,2,2,2,2,4,5,6,0,1178910,Isabela Monteiro de Castro
0344622,0,0,0,0,0,0,0,1,1,1,1,1,1,1,1,1,1,1,1,0,0344622,Yosef Grunfeld
0220858,0,0,0,1,1,1,1,1,1,1,1,1,1,1,1,1,1,1,1,0,0220858,Rob Desales
0001429,5,8,8,8,9,10,10,10,10,11,11,12,12,14,15,15,15,15,16,0,0001429,Takeshi Kitano
0613134,1,1,1,1,1,1,1,1,1,1,1,2,2,2,2,2,2,2,3,0,0613134,Jim Munro
0533491,0,0,2,2,2,2,2,2,2,2,2,2,2,2,2,2,2,3,3,0,0533491,Alex Mackie
0808483,0,0,0,0,0,0,0,0,0,0,0,1,1,1,1,1,1,1,1,0,0808483,Howard E. Smith
0177400,2,2,2,2,2,2,2,2,2,2,2,2,2,2,2,2,2,2,2,0,0177400,Christopher Cooke
0236226,0,0,0,0,0,0,0,1,1,1,1,2,3,3,3,6,6,6,6,0,0236226,Michael Dowse
1397579,0,0,0,0,0,1,1,1,1,1,1,1,1,1,1,1,1,1,1,0,1397579,Ben Coccio
0110519,3,3,3,3,3,3,3,3,3,3,3,4,4,4,4,5,5,5,5,0,0110519,Don Brochu
0450005,0,0,0,0,0,0,0,0,0,0,0,0,0,0,0,0,0,0,0,0,0450005,Myron Kerstein
0971673,0,0,0,0,1,1,1,1,1,1,1,1,1,1,1,1,1,1,1,0,0971673,Roberto Bolado
0359000,0,0,0,0,0,0,0,0,0,0,0,0,0,0,0,0,0,0,0,0,0359000,Janice Hampton
0924544,0,0,0,1,1,1,1,1,1,1,1,1,1,1,1,1,1,1,1,0,0924544,Brent White
0743586,0,0,0,0,0,0,0,0,0,0,0,0,0,0,0,0,0,0,0,0,0743586,Kevin D. Ross
0002717,2,2,2,2,2,2,2,2,2,2,2,2,2,2,2,2,2,2,2,0,0002717,Robert C. Jones
0002711,0,0,0,0,0,0,0,0,0,0,0,0,0,0,0,0,0,0,0,0,0002711,Michael Doherty
0864686,0,0,1,1,1,1,1,1,1,1,1,1,1,1,1,1,1,1,1,0,0864686,Gerd Tjur
0943527,0,0,0,0,0,0,0,0,0,0,0,0,1,1,1,2,4,5,5,0,0943527,Chris Wyatt
0724495,0,0,0,0,0,0,0,0,1,2,2,2,2,2,3,3,3,3,4,0,0724495,David M. Richardson
0469254,0,0,0,0,0,0,0,0,0,1,1,1,1,1,1,1,1,1,1,0,0469254,Thomas Krag
0624572,0,0,0,0,0,0,0,0,0,0,0,1,1,1,1,1,1,2,2,0,0624572,Tania Nehme
0758627,0,0,0,0,0,1,2,2,2,2,2,2,2,2,2,2,2,2,2,0,0758627,Ken Sallows
0175438,0,0,0,1,1,1,1,1,1,1,1,1,1,1,1,2,3,3,3,0,0175438,Martin Connor
0277217,0,0,0,0,0,0,0,0,0,0,0,0,0,1,1,1,1,1,1,0,0277217,Danielle Fillios
0418730,0,0,0,0,2,2,2,2,2,2,2,2,2,2,2,2,3,3,4,0,0418730,George Jarlego
0007609,0,0,0,0,0,0,0,0,0,0,1,1,1,1,1,1,1,1,1,0,0007609,Pere Abadal
0638033,4,4,4,4,5,5,5,5,5,5,5,5,5,5,5,5,5,5,5,0,0638033,Victor Nunez
0467607,0,0,0,0,0,0,0,0,0,0,0,0,0,0,1,1,1,1,1,0,0467607,Kotagiri Venkateshwara Rao
0621301,4,4,4,4,4,4,4,5,5,5,5,5,5,5,5,6,6,6,6,0,0621301,Richard Nord
0269948,1,1,1,1,1,1,1,1,1,1,1,1,1,1,1,1,1,1,1,0,0269948,Gregg Featherman
0000626,12,12,12,12,12,13,13,13,13,14,14,14,15,15,16,17,17,17,18,0,0000626,John Sayles
0710515,0,0,0,0,0,0,0,0,0,0,0,0,0,0,0,0,0,0,0,0,0710515,Didier Ranz
0407770,0,0,0,0,0,1,1,1,1,1,1,1,1,3,4,4,5,5,7,0,0407770,Tara Illenberger
0495238,0,0,0,0,0,0,0,0,1,1,1,1,1,1,1,1,1,1,1,0,0495238,Richard Learoyd
0371307,2,3,3,3,4,4,4,4,4,4,4,4,4,4,4,4,4,4,4,0,0371307,James Haygood
0662241,0,0,0,0,0,0,0,0,0,1,1,1,1,2,2,2,2,2,2,0,0662241,Frances Parker
0565767,1,1,1,1,1,1,1,1,1,1,1,1,1,1,1,1,1,1,2,0,0565767,Andrew McClelland
1149177,0,0,0,0,0,0,0,0,0,0,0,0,0,0,0,0,0,0,0,0,1149177,Wynn Hougaard
0675204,3,3,3,3,3,3,3,3,3,3,3,3,3,3,3,3,3,3,3,0,0675204,Mark Perry
2545085,0,0,0,0,0,0,0,0,0,0,0,0,0,1,1,1,1,1,1,0,2545085,Andy Peterson
0507185,3,3,3,3,3,3,3,3,3,3,3,3,4,4,4,4,4,4,4,0,0507185,Everett Lewis
0901183,0,1,1,1,1,1,1,1,1,1,1,1,1,1,2,2,2,2,2,0,0901183,Gergana Voigt
0289980,0,0,0,0,0,0,0,0,0,0,0,0,0,0,0,0,0,0,0,0,0289980,Giogiò Franchini
0200642,0,0,0,0,0,0,0,0,0,0,0,0,0,0,0,0,0,0,0,0,0200642,Mitchell Danton
0006777,0,0,0,0,0,0,0,0,0,0,0,0,0,0,0,0,0,1,2,0,0006777,John Axelrad
0082994,0,0,0,0,0,0,0,0,0,0,1,1,1,3,3,4,4,4,4,0,0082994,Joe Bini
0482560,0,0,0,0,0,0,5,6,7,7,8,9,9,9,9,9,9,9,9,0,0482560,Angie Lam
0659013,2,2,2,2,2,2,2,2,2,2,2,2,2,2,2,2,2,2,2,0,0659013,Kant Pan
0118665,0,0,0,0,0,0,0,0,0,0,0,0,0,0,0,0,0,0,0,0,0118665,Norman Buckley
0903617,0,0,0,0,0,0,0,0,0,0,0,0,0,0,0,0,0,0,0,0,0903617,Sander Vos
0206109,0,0,0,0,0,0,0,0,0,0,0,0,0,0,1,1,1,1,1,0,0206109,deco dawson
0590247,0,0,0,0,0,0,1,1,1,1,1,1,1,1,1,1,1,1,1,0,0590247,Paul Millspaugh
0752783,1,1,1,2,2,2,2,2,2,2,2,2,2,2,2,2,2,2,2,0,0752783,Paul F. Ryan
0228633,1,1,1,1,1,1,1,1,1,1,1,1,1,1,1,1,1,1,1,0,0228633,William Diver
0587823,1,1,1,1,1,1,2,2,2,2,3,3,3,3,3,3,3,3,3,0,0587823,Harry B. Miller III
1913095,0,0,0,0,0,0,0,0,0,0,0,0,0,0,0,0,0,0,0,0,1913095,Andrew Bird
0168560,0,0,0,0,0,0,0,0,0,0,0,1,2,2,2,2,2,2,2,0,0168560,Alan Cody
0002237,0,0,0,0,0,0,0,0,0,0,0,0,0,0,0,1,1,1,1,0,0002237,John David Allen
1216004,0,0,0,0,0,0,0,1,1,1,1,1,1,1,3,5,7,7,7,0,1216004,Andrew Bujalski
0003330,0,0,0,1,2,2,2,2,2,2,2,2,2,2,2,2,2,2,2,0,0003330,Tia Nolan
0056030,0,0,0,0,0,0,1,1,1,1,1,1,1,1,1,1,1,1,1,0,0056030,Matthew Barney
0777035,0,0,0,0,0,0,0,0,0,0,0,0,0,0,0,0,0,0,0,0,0777035,Richard Schwadel
0676248,0,0,0,0,0,0,0,0,0,0,0,0,0,0,0,0,0,0,0,0,0676248,Peter Stewart
0762861,0,0,0,0,0,1,1,1,1,1,1,1,1,1,1,1,1,1,1,0,0762861,Sanjay Sankla
1135793,0,0,0,1,1,1,1,1,1,1,1,1,1,1,1,1,1,1,1,0,1135793,Ronald Allan Dale
0158484,0,0,0,0,0,0,0,0,0,0,0,0,0,0,1,1,1,1,1,0,0158484,Nita Chivulescu
0490375,1,1,1,1,1,1,1,1,1,1,1,1,1,1,1,1,1,1,1,0,0490375,David Michael Latt
0296636,4,4,4,4,4,4,4,4,4,4,4,4,5,6,6,6,6,6,6,0,0296636,Lisa Fruchtman
0702008,0,0,0,0,0,0,1,1,1,1,1,1,1,1,1,1,1,1,3,0,0702008,Antonio Pérez Reina
0699493,0,0,0,0,0,0,1,1,1,1,2,2,2,2,2,2,2,2,2,0,0699493,Peter Przygodda
1201991,0,0,0,0,0,0,0,0,0,0,0,0,0,0,0,0,0,0,0,0,1201991,Joseph H. Biancaniello
0739055,0,0,0,0,0,0,0,1,1,1,1,1,1,1,1,1,1,1,1,0,0739055,Ewa Romanowska-Rózewicz
0519539,0,1,1,1,1,2,2,2,2,2,2,2,2,2,2,2,2,2,2,0,0519539,Christian Lonk
0534451,0,0,0,0,0,0,0,0,0,1,2,3,3,3,3,3,3,3,3,0,0534451,Juan Carlos Macías
0462603,2,2,2,2,2,2,2,2,2,2,2,2,2,2,2,2,2,2,2,0,0462603,Annie Kocur
0003537,0,0,0,0,0,0,0,0,0,0,0,0,0,0,0,0,0,0,0,0,0003537,Jerry A. Vasilatos
0880001,0,0,0,0,0,0,0,0,0,0,0,0,0,0,0,1,1,1,1,0,0880001,Sôichi Ueno
0127019,0,0,0,0,0,0,0,0,0,0,0,0,0,0,1,1,1,1,1,0,0127019,Antonio Dyaz
1294961,0,0,0,0,3,4,4,4,4,4,5,5,5,5,5,6,9,9,9,0,1294961,Michael Spierig
0284765,0,0,0,0,0,0,0,0,0,0,0,0,0,0,1,1,1,1,1,0,0284765,Teresa Font
0033504,0,0,0,0,0,1,1,1,1,1,1,1,2,2,2,2,2,2,2,0,0033504,Michel Arcand
0104988,0,0,0,0,0,0,0,0,0,0,0,0,0,0,0,0,1,1,1,0,0104988,Peter Brandt
0068008,0,0,0,0,0,0,0,0,0,0,1,4,4,4,5,6,6,6,6,0,0068008,Alan Edward Bell
0015214,0,0,0,0,0,0,0,0,0,0,0,0,0,0,0,0,0,0,0,0,0015214,Michael D. Akers
1918446,0,0,0,0,0,0,0,0,0,0,0,0,0,0,0,0,0,0,0,0,1918446,Amitabh Shukla
0636218,0,0,0,0,0,0,0,0,0,0,0,0,1,2,2,2,2,2,2,0,0636218,Graham Walker
1383995,0,0,0,0,0,2,2,2,2,2,2,2,2,2,2,2,2,2,2,0,1383995,Siddiq Barmak
0562676,1,1,1,1,1,1,2,2,2,2,2,2,2,2,2,2,2,2,2,0,0562676,Michael Mayhew
0923572,0,0,0,0,0,0,0,0,0,1,1,1,1,1,1,1,1,1,1,0,0923572,David Wharnsby
0024912,0,0,0,0,0,0,2,2,2,4,4,4,4,4,4,4,4,4,4,0,0024912,Shimit Amin
0374189,1,1,1,1,1,1,1,1,1,1,2,2,2,2,2,2,2,2,2,0,0374189,Alan Heim
1154184,0,0,1,1,1,1,1,1,1,1,1,4,13,13,13,13,13,14,14,0,1154184,Jon Harris
0434922,2,2,2,2,2,2,2,2,2,2,2,2,2,2,2,2,2,2,2,0,0434922,Sheldon Kahn
1589714,0,0,0,0,0,0,0,0,0,0,0,1,1,1,2,2,3,3,3,0,1589714,Aarti Bajaj
0082162,0,0,1,5,7,7,7,8,8,8,9,9,10,10,11,11,12,13,13,0,0082162,Jill Bilcock
0622910,0,0,0,0,1,1,1,1,1,1,1,1,1,1,1,2,2,2,3,0,0622910,Jess Navarro
0073083,0,0,0,0,0,0,0,1,1,1,1,1,1,1,1,1,1,1,1,0,0073083,Richard Benwick
1841453,0,0,0,0,0,0,0,0,0,0,0,1,1,2,2,2,2,2,2,0,1841453,Tchavdar Georgiev
0721707,0,0,0,0,0,0,0,1,1,1,1,1,1,1,1,1,1,1,4,0,0721707,Emer Reynolds
0897221,0,0,0,0,0,0,0,0,0,0,0,0,0,0,0,0,0,0,0,0,0897221,V.T. Vijayan
0422552,0,0,0,0,0,2,2,3,3,3,3,4,5,6,6,6,6,6,6,0,0422552,Prakash Jha
0768817,1,1,2,4,4,4,4,4,4,4,4,4,4,5,5,6,13,18,18,0,0768817,Pietro Scalia
0117779,0,0,0,0,0,0,0,0,0,0,0,0,0,0,0,0,0,0,0,0,0117779,Pasquale Buba
0707688,1,1,1,1,1,1,1,1,1,1,1,1,1,1,1,1,1,1,1,0,0707688,Philippe Ralet
0082445,1,1,1,1,1,1,1,1,1,1,1,1,1,1,1,1,1,1,1,0,0082445,Helge Billing
0599958,0,0,0,0,0,0,0,0,1,1,1,1,2,2,2,2,2,2,2,0,0599958,Maryline Monthieux
1209851,0,0,0,0,0,2,2,2,2,2,2,2,2,2,2,2,2,2,2,0,1209851,Nipun Gupta
0939782,2,2,2,2,2,2,2,2,2,2,2,2,2,2,2,2,2,2,2,0,0939782,Jeff Wood
0906634,0,0,0,0,0,0,0,0,1,1,1,1,1,1,1,1,1,1,1,0,0906634,Trevor Waite
0036880,0,0,0,0,0,0,0,0,1,1,1,1,1,1,1,1,1,1,1,0,0036880,Donn Aron
1762350,0,0,0,0,0,0,0,0,0,0,0,0,0,0,0,0,0,0,0,0,1762350,Merzin Tavaria
0745512,0,0,0,0,0,0,0,0,0,0,0,0,0,0,0,0,2,2,2,0,0745512,Fabrice Rouaud
1806754,0,0,0,0,0,0,0,0,0,0,0,0,0,0,0,0,0,0,0,0,1806754,Michael Fleetwood
0031988,0,0,0,0,0,0,1,1,1,1,1,1,1,1,1,1,1,1,1,0,0031988,Martin Apelbaum
0887227,0,0,0,0,0,0,0,0,0,0,0,0,1,3,3,6,10,10,25,0,0887227,Hoyte Van Hoytema
1193606,0,0,0,0,0,0,0,0,0,0,1,1,5,5,5,5,5,5,5,0,1193606,Renewin Alano
0484815,0,0,0,0,0,1,1,1,1,1,1,1,1,1,1,1,1,1,1,0,0484815,Evan Landis
0161152,1,1,2,3,4,4,4,6,8,9,9,9,10,10,10,10,10,11,11,0,0161152,Oxide Chun Pang
0002502,0,0,0,0,0,0,0,0,0,0,0,0,1,1,1,1,2,3,3,0,0002502,Yvann Thibaudeau
0348082,0,0,0,1,1,1,1,1,1,1,1,1,1,1,1,1,1,1,1,0,0348082,Quincy Z. Gunderson
0539216,0,0,0,0,0,0,0,0,0,0,0,0,0,0,0,0,0,0,0,0,0539216,Guillermo S. Maldonado
0848848,0,0,1,1,1,1,1,1,1,1,1,1,1,1,1,1,2,2,2,0,0848848,Jason Tan
0003441,0,0,0,0,0,0,0,0,0,0,0,0,1,1,1,1,1,1,1,0,0003441,Michele Conroy
0223522,0,1,1,1,1,1,2,2,2,2,2,2,2,2,2,2,2,2,2,0,0223522,David Dhawan
1322186,0,0,0,0,0,0,0,0,0,0,0,0,0,0,1,1,1,1,1,0,1322186,Ira Baker
0708916,0,0,0,0,0,0,0,0,0,0,0,0,0,0,0,0,0,0,0,0,0708916,Todd C. Ramsay
1322099,0,0,0,0,0,0,0,0,0,0,0,0,0,0,1,2,2,2,2,0,1322099,Akiv Ali
0492928,0,0,0,0,0,0,0,0,0,0,1,1,1,1,1,1,1,1,1,0,0492928,Marvin Lawrence
0378205,0,0,0,0,0,0,0,0,0,0,0,0,0,0,0,1,1,1,1,0,0378205,Mark Henson
1399648,0,0,0,0,0,0,0,0,0,0,0,0,0,0,0,0,0,0,3,0,1399648,Haritz Zubillaga
0010471,0,0,0,0,0,0,0,0,0,0,0,0,0,0,0,7,17,17,19,0,0010471,Sandra Adair
0759218,1,1,1,1,2,2,2,2,2,2,2,3,3,3,3,3,3,3,3,0,0759218,Augusto Salvador
0263237,0,0,0,0,0,0,0,1,1,1,1,1,1,1,1,1,1,1,1,0,0263237,Stephen Evans
0059566,0,0,0,0,0,0,0,0,0,0,0,0,0,0,0,1,1,1,1,0,0059566,Vladimír Barák
0363094,0,0,0,1,1,2,3,3,3,3,3,3,3,3,3,3,3,3,3,0,0363094,Reginald Harkema
0174749,0,0,0,0,0,0,0,0,0,0,0,0,0,0,0,0,0,0,0,0,0174749,Chris Conlee
3597101,0,0,0,0,0,0,0,0,0,0,0,0,0,0,0,0,0,0,0,0,3597101,Anthony
0656664,0,0,0,0,0,1,1,1,1,1,1,1,1,1,1,1,1,1,1,0,0656664,Suresh Pai
0708385,0,0,0,0,0,0,0,0,0,0,0,0,0,0,0,0,0,0,0,0,0708385,Steven Ramirez
1364107,0,0,0,0,0,0,2,2,2,2,2,2,2,2,2,2,2,2,2,0,1364107,Bunty Nagi
0917583,0,0,0,0,0,0,0,0,0,0,0,0,0,0,0,0,0,0,0,0,0917583,Claus Wehlisch
0486086,1,1,1,1,1,1,1,2,2,2,2,2,2,2,2,2,2,2,2,0,0486086,Bruce Lange
0700293,1,1,1,1,1,1,1,1,1,1,1,1,1,2,2,2,2,2,2,0,0700293,David Pulbrook
0206728,0,0,0,0,0,0,0,0,0,0,1,2,2,2,2,3,5,5,5,0,0206728,Manet A. Dayrit
1144777,0,0,0,0,0,0,0,0,0,0,0,0,0,0,0,0,0,0,0,0,1144777,Dewi S. Alibasah
1210799,0,0,0,0,0,0,0,0,0,0,0,0,0,0,0,0,0,0,0,0,1210799,Aarif Sheikh
0492408,0,0,0,0,1,1,1,1,2,3,3,4,4,4,5,5,5,5,5,0,0492408,Wing-Cheong Law
0365813,0,0,0,0,0,0,0,0,0,0,0,0,0,0,1,1,1,1,2,0,0365813,Philip Harrison
0844625,0,0,0,0,0,1,1,1,1,1,1,1,1,1,1,1,1,1,1,0,0844625,Rosario Sáinz de Rozas
0809059,0,0,0,0,0,0,0,0,0,0,1,2,2,2,2,2,4,4,9,0,0809059,Lee Smith
0311048,0,0,0,0,0,0,0,0,0,0,0,0,0,0,0,0,0,0,0,0,0311048,Christian Gazal
1464392,0,0,0,0,0,0,2,2,2,2,2,2,3,3,3,3,3,3,3,0,1464392,Ashvin Kumar
0505019,0,0,0,0,0,0,0,0,0,0,0,0,0,0,0,0,0,0,1,0,0505019,Elmer Leupen
0618018,0,0,0,0,0,0,0,0,0,0,0,1,1,2,2,2,2,3,3,0,0618018,Jon Endre Mørk
0460114,0,0,0,0,0,0,0,0,0,0,0,1,1,1,1,1,1,1,1,0,0460114,Joe Klotz
1715762,0,0,0,0,0,0,0,0,0,0,0,0,0,0,0,0,0,0,0,0,1715762,Rameshwar S. Bhagat
0653205,2,2,2,2,2,2,2,2,2,2,2,2,2,2,3,4,4,4,4,0,0653205,Oral Norrie Ottey
2021376,0,0,0,0,0,0,0,0,0,0,0,0,0,0,0,0,0,0,0,0,2021376,Christian White
0208429,0,0,0,0,0,0,0,0,0,0,0,2,2,2,3,3,3,3,5,0,0208429,Alexandre de Franceschi
0672562,0,0,0,0,0,1,1,1,1,1,1,1,1,1,1,1,1,1,1,0,0672562,Chris Peppe
0522490,0,0,0,0,0,1,1,1,1,1,1,1,1,1,1,1,1,1,1,0,0522490,Stephen Lovejoy
0570082,0,0,0,0,0,0,0,0,0,0,0,0,0,0,0,0,0,0,0,0,0570082,Mary McGuckian
0288886,1,1,1,2,2,2,2,2,2,2,2,2,2,2,2,2,2,2,2,0,0288886,Billy Fox
0855188,0,0,0,0,0,0,0,0,0,0,0,0,1,2,2,3,3,3,3,0,0855188,Kevin Tent
0159698,0,0,0,0,0,0,1,1,1,1,1,1,1,1,2,2,2,2,2,0,0159698,Peter Christelis
0840854,0,0,0,0,0,0,0,0,0,0,0,0,0,0,0,0,0,0,0,0,0840854,Lenka Svab
0560375,0,0,0,0,0,0,0,0,1,1,1,1,1,1,1,1,1,2,2,0,0560375,Roger Mattiussi
0144203,0,0,0,0,0,0,0,0,0,1,2,2,2,2,6,7,7,7,7,0,0144203,Jay Cassidy
1020335,0,0,1,1,1,1,1,1,1,1,1,1,1,1,1,1,1,1,1,0,1020335,N. Gopalakrishnan
1438231,0,0,0,0,0,0,1,1,1,1,1,1,1,1,1,3,3,4,4,0,1438231,Alberto de Toro
0458005,0,0,0,0,0,0,0,0,0,0,0,0,0,0,0,0,0,0,0,0,0458005,Leif Axel Kjeldsen
0104216,0,0,0,0,0,0,0,0,0,0,0,0,0,0,0,0,0,0,0,0,0104216,Monte Bramer
1224554,0,0,0,0,0,0,3,3,3,3,3,3,5,5,5,6,8,9,9,0,1224554,Vladan Nikolic
0059247,0,0,0,0,0,0,0,0,0,0,1,1,1,1,1,1,1,1,1,0,0059247,Sean Barton
0675537,0,0,0,0,0,0,0,0,1,1,1,1,1,1,1,1,1,1,1,0,0675537,Heather Persons
1189315,1,1,1,1,1,1,1,1,1,1,1,1,1,1,1,1,1,1,1,0,1189315,Adam Finch
0292482,0,0,0,0,0,0,0,0,0,0,0,0,0,0,1,1,1,1,1,0,0292482,Robert Frazen
0742430,1,3,3,3,3,3,3,3,3,3,3,3,3,3,3,3,3,3,3,0,0742430,David Rosenbloom
0612965,0,0,0,0,0,0,0,0,0,0,0,0,0,0,1,1,1,1,1,0,0612965,Mike Munn
0777708,0,0,0,0,1,1,1,1,1,1,1,1,1,1,1,1,1,1,1,0,0777708,Abby Schwarzwalder
0064062,0,0,0,0,0,0,0,0,0,0,0,0,0,0,0,0,0,0,0,0,0064062,Eric L. Beason
0214088,0,0,0,0,0,0,0,0,0,0,0,0,0,0,0,0,0,0,0,0,0214088,Yann Dedet
0353137,0,0,0,0,0,0,0,0,0,0,0,0,0,0,0,0,0,0,0,0,0353137,Andrew Hafitz
0720395,0,0,0,0,0,0,0,0,0,0,0,0,0,0,1,1,1,1,1,0,0720395,Karina Ressler
0561430,0,0,0,0,0,0,0,0,0,0,0,0,0,0,0,0,0,1,1,0,0561430,Yorgos Mavropsaridis
0771609,0,0,0,0,0,0,0,0,0,0,0,0,0,0,0,1,1,2,3,0,0771609,Stewart Schill
0000812,1,1,1,1,1,1,1,1,1,2,2,2,2,2,2,2,2,2,2,0,0000812,Roger Avary
0919761,0,0,0,0,0,0,0,0,0,3,3,3,3,3,3,3,3,3,3,0,0919761,Juliette Welfling
1672783,0,0,0,0,0,0,0,0,0,0,0,0,0,0,0,0,0,0,1,0,1672783,Marc Mookhoek
0023010,0,0,0,1,1,1,1,1,1,1,1,1,1,1,1,1,1,1,1,0,0023010,Peter Alton
0535965,0,1,1,1,1,1,1,1,1,2,2,2,2,2,3,3,3,3,3,0,0535965,Susan Maggi
0228573,0,0,0,0,0,0,0,1,1,1,1,1,1,1,1,1,2,2,2,0,0228573,Alexander Dittner
0170254,0,0,0,0,0,0,1,1,1,1,1,1,1,1,1,1,1,1,1,0,0170254,Fiona Colbeck
1051468,0,0,0,0,0,0,0,0,1,1,1,1,1,1,1,2,2,3,3,0,1051468,David Gallart
0095089,3,3,3,3,3,3,3,3,3,3,3,3,3,3,3,3,3,3,3,0,0095089,Françoise Bonnot
0754052,0,0,0,0,0,0,0,0,0,0,0,1,1,1,1,1,1,1,1,0,0754052,Wibecke Rønseth
1022139,0,0,0,0,0,0,0,0,0,0,0,0,0,0,0,0,0,0,0,0,1022139,Ballu Saluja
0000419,2,2,2,2,2,2,2,2,2,2,2,2,2,2,3,7,8,8,8,0,0000419,Jean-Luc Godard
0373338,0,0,0,0,0,0,0,0,0,0,0,0,0,0,0,0,0,0,0,0,0373338,Brett Hedlund
0140687,0,0,0,0,0,0,0,0,0,0,0,0,0,0,0,0,0,0,1,0,0140687,Peter Carrodus
0287123,0,0,0,0,0,0,0,0,0,0,0,0,0,0,0,0,0,0,0,0,0287123,Daniel Fort
0365768,0,0,0,0,0,0,0,0,0,0,0,0,0,0,1,2,2,2,2,0,0365768,Michelle Harrison
0934135,0,0,0,0,0,0,0,0,0,0,0,0,0,0,0,0,1,1,1,0,0934135,Sheldon Wilson
0002377,0,0,0,0,0,0,0,0,0,0,0,0,0,0,0,0,0,0,2,0,0002377,Stephen Semel
0619661,0,0,0,0,0,0,0,0,0,0,0,0,0,0,0,0,0,0,0,0,0619661,Keshav Naidu
0004246,1,1,1,2,2,2,2,2,3,3,3,3,3,3,3,3,3,3,3,0,0004246,Pamela Scott Arnold
0003196,0,0,0,0,0,0,1,1,1,1,1,1,2,2,2,2,2,2,2,0,0003196,Ueli Christen
0056086,0,0,0,0,0,0,0,0,0,0,0,0,1,1,2,2,2,2,2,0,0056086,Luc Barnier
0844576,0,0,0,0,0,0,0,0,0,0,0,0,1,1,1,1,1,1,1,0,0844576,Marcela Sáenz
0529687,0,0,0,0,0,0,0,1,1,1,1,1,1,1,1,1,1,1,1,0,0529687,Isabelle Levesque
0755525,0,0,0,0,0,0,0,0,0,0,0,0,0,0,1,1,1,1,1,0,0755525,Daniel Sadler
0352013,0,0,0,0,0,0,1,1,1,1,1,1,1,1,1,1,1,1,1,0,0352013,Tobias Haas
0250799,0,0,0,0,0,0,0,0,0,0,0,0,0,0,0,0,0,0,1,0,0250799,Einar Egeland
0827262,0,0,0,0,0,0,0,0,0,0,0,0,0,0,0,0,0,0,0,0,0827262,Isobel Stephenson
1271411,0,0,0,0,0,0,1,1,1,1,1,1,1,2,3,5,5,5,5,0,1271411,Jason Cahapay
0038901,0,0,0,0,0,0,0,0,0,0,0,0,0,0,0,0,2,2,2,0,0038901,Tova Ascher
0470927,1,1,1,1,1,1,1,1,1,1,1,1,1,1,1,1,1,1,1,0,0470927,Carl Kress
0639166,0,0,0,0,0,0,0,0,0,0,0,0,0,0,0,0,0,0,1,0,0639166,Miriam Nørgaard
0225565,0,0,0,0,0,0,0,0,0,0,0,0,0,0,0,0,0,0,0,0,0225565,Andrew Dickler
0129232,0,0,0,0,0,0,0,0,0,0,0,0,0,1,1,1,3,3,3,0,0129232,Esmeralda Calabria
1265190,0,0,0,0,0,0,0,0,0,0,0,0,0,0,0,0,0,0,0,0,1265190,Daniel Barone
0720532,0,0,0,0,0,0,0,0,0,0,0,0,0,0,1,2,2,2,2,0,0720532,Meg Reticker
0312836,0,0,0,0,0,0,0,0,0,2,2,2,2,2,2,2,2,2,2,0,0312836,Pål Gengenbach
0927879,0,0,0,0,0,0,0,0,0,0,0,0,0,1,1,1,1,1,1,0,0927879,David Wigram
0781756,0,0,0,0,0,0,0,0,0,0,0,0,0,0,0,0,0,0,0,0,0781756,Bela Segal
1191112,0,0,0,0,0,0,0,0,0,0,0,0,0,0,0,1,1,1,1,0,1191112,Ritesh Soni
0006971,0,0,0,0,0,0,0,2,2,2,2,2,2,2,2,3,4,4,4,0,0006971,Irene Blecua
0459381,0,0,0,0,0,0,0,0,0,0,0,0,0,0,0,0,0,0,0,0,0459381,Sloane Klevin
0279352,0,0,0,0,0,0,0,0,0,0,0,0,0,0,0,0,0,0,0,0,0279352,Robert Fisher Jr.
0761742,3,3,3,3,3,3,3,3,3,3,3,3,3,3,3,3,5,11,11,0,0761742,Tom Sanders
0071916,0,0,0,0,0,0,0,0,0,0,0,0,0,0,1,1,1,1,3,0,0071916,Mark Bennett
0810929,0,0,0,0,0,0,0,0,0,0,0,0,0,0,0,0,0,0,0,0,0810929,Sam Sneade
0073490,1,1,1,1,1,1,1,1,1,1,1,1,1,1,1,1,1,1,2,0,0073490,Michael Berenbaum
0109599,0,0,0,0,0,0,0,0,0,0,0,0,0,0,0,0,0,0,0,0,0109599,Martin Brinkler
0319673,0,0,0,0,0,0,0,0,0,0,0,0,1,1,1,2,6,6,7,0,0319673,John Gilroy
0239656,0,0,0,0,0,0,0,0,0,0,0,0,0,0,0,0,0,0,0,0,0239656,Marie-Sophie Dubus
0167917,2,2,2,2,2,2,2,2,2,2,2,2,2,2,2,2,2,2,2,0,0167917,James Coblentz
0156276,0,0,0,0,0,0,2,2,2,2,2,2,3,3,3,3,3,3,3,0,0156276,Matt Chesse
0441717,0,0,0,0,0,0,0,1,3,3,3,3,3,3,3,3,3,3,3,0,0441717,Virginia Katz
0549516,0,0,0,0,0,0,0,0,0,1,1,1,1,1,1,2,2,4,4,0,0549516,Patrizio Marone
1256818,0,0,0,0,0,0,0,0,0,0,0,0,0,0,0,0,0,0,0,0,1256818,Jessica Congdon
0511186,0,0,0,1,1,1,1,1,1,1,1,1,1,1,1,1,1,1,1,0,0511186,Ewa J. Lind
0113084,1,1,1,1,1,1,1,1,2,2,2,2,2,2,2,2,2,2,2,0,0113084,Barry Alexander Brown
1182055,0,0,0,0,0,0,0,0,0,0,0,0,0,0,1,1,2,2,2,0,1182055,Mikkel E.G. Nielsen
0001369,5,5,5,5,5,5,5,5,5,5,5,5,5,5,5,5,5,5,5,0,0001369,Fitz
0161497,0,1,1,1,1,2,2,2,2,2,2,2,2,2,2,2,2,2,2,0,0161497,Lisa Zeno Churgin
0016772,1,1,1,1,1,1,1,1,1,1,1,1,1,1,1,1,1,1,1,0,0016772,Eric Albertson
1665004,0,0,0,0,0,0,0,0,0,0,0,0,0,2,3,3,6,6,6,0,1665004,Imtiaz Ali
0875976,0,0,0,0,0,0,0,0,0,0,0,0,2,2,2,2,2,3,3,0,0875976,Plummy Tucker
1160014,0,0,0,0,0,0,0,0,0,0,0,0,0,1,1,1,1,1,1,0,1160014,Jason A. Payne
0001752,3,6,14,15,17,17,17,17,18,18,20,22,23,24,27,28,28,31,31,0,0001752,Steven Soderbergh
0183337,0,0,0,0,0,0,0,0,0,0,1,1,1,1,1,1,1,1,1,0,0183337,Cari Coughlin
1276170,0,0,0,0,0,0,0,0,0,0,0,0,0,0,0,0,0,0,0,0,1276170,Isao Kawase
4211410,0,0,0,0,0,0,0,0,0,0,0,0,0,0,0,0,0,0,2,0,4211410,Sarah Armstrong
0863902,0,0,0,0,0,0,0,0,0,0,0,0,1,1,1,1,1,1,2,0,0863902,Aylin Tinel
0825407,0,0,0,0,0,0,0,0,0,0,0,0,0,0,0,1,1,1,2,0,0825407,Björn Stein
0003703,0,0,0,0,0,0,1,1,1,1,1,1,1,1,1,2,2,2,2,0,0003703,Eric Strand
0214874,0,0,0,0,0,0,0,0,0,0,0,0,0,0,0,0,0,0,0,0,0214874,Keiko Deguchi
1095780,0,0,0,0,0,0,0,0,0,0,0,0,0,0,0,0,0,0,0,0,1095780,Nicolas Chaudeurge
1008771,0,0,0,0,0,0,0,1,6,6,6,6,6,6,6,6,6,6,6,0,1008771,Alex Rodríguez
0994649,0,0,0,0,0,0,0,0,0,1,1,1,1,1,1,1,1,1,2,0,0994649,Rosario Suárez
0323985,0,0,0,0,0,0,0,0,0,0,0,0,0,1,1,1,2,2,2,0,0323985,Jinx Godfrey
0167751,0,0,0,0,0,0,0,0,0,0,0,0,0,0,0,0,0,0,0,0,0167751,Craig Cobb
1214886,0,0,0,0,0,0,0,0,1,2,2,2,2,2,2,2,2,2,2,0,1214886,Richard Marizy
0922115,0,0,0,0,0,0,0,0,0,0,0,0,0,1,1,1,1,1,1,0,0922115,Jake West
0168549,0,0,0,0,0,0,0,0,0,0,0,0,0,1,1,1,1,1,1,0,0168549,David Codron
0240451,0,0,0,0,0,0,0,0,0,0,0,0,1,1,1,1,1,1,1,0,0240451,Benjamin Duffield
0711715,0,0,1,1,2,2,2,2,2,2,2,2,2,2,2,2,2,2,2,0,0711715,Isabelle Rathery
0186521,0,0,0,1,1,1,1,2,2,2,2,2,2,2,2,2,2,2,2,0,0186521,Tony Cranstoun
0439307,0,0,1,1,1,1,1,1,1,1,1,1,1,1,1,1,1,1,1,0,0439307,Babak Karimi
0819965,0,0,0,0,0,0,0,0,0,0,0,0,0,0,0,0,0,0,0,0,0819965,Paul Spurrier
0788224,0,1,1,1,1,1,1,1,1,1,1,1,1,1,1,1,1,1,1,0,0788224,Susan Shanks
4962695,0,0,0,0,0,0,0,0,0,0,0,0,0,0,1,2,2,2,2,0,4962695,Chandrashekhar Prajapati
2793694,0,0,0,0,0,0,0,0,0,0,0,1,2,2,2,2,2,2,2,0,2793694,Manie Magbanua Jr.
0187044,0,0,0,0,0,0,0,0,0,0,0,0,0,0,0,0,0,0,0,0,0187044,Jacob Craycroft
0105019,0,0,0,0,1,2,2,2,2,2,2,2,2,2,2,2,2,2,2,0,0105019,Anita Brandt Burgoyne
0692182,0,0,0,0,0,0,0,1,1,1,1,1,1,1,1,1,1,1,1,0,0692182,Karen Porter
0798097,1,1,2,2,2,2,2,2,2,2,2,2,2,2,2,2,2,2,2,0,0798097,Drake Silliman
4439065,0,0,0,0,0,0,0,0,0,0,0,0,0,0,0,0,0,0,0,0,4439065,Steve Bradley
0003533,0,0,0,0,0,0,0,0,0,0,0,0,0,0,0,0,0,1,2,0,0003533,Shawn Paper
0303775,4,4,4,4,4,4,4,4,4,4,4,4,4,4,4,4,4,4,4,0,0303775,David Gamble
0110851,0,0,0,0,0,0,0,0,0,0,0,0,0,0,0,0,0,0,1,0,0110851,Alejandro Brodersohn
2003870,0,0,0,0,0,0,0,0,0,0,0,1,1,1,1,1,1,1,1,0,2003870,Fernando Villena
1279950,0,0,0,0,0,0,0,0,0,0,0,0,0,0,0,0,0,1,1,0,1279950,Dmitriy Kiselev
1636742,0,0,0,0,0,0,0,0,0,0,0,0,0,0,0,0,0,2,2,0,1636742,Leena Yadav
0000417,0,0,0,0,0,2,2,2,2,2,2,2,2,2,2,2,2,2,2,0,0000417,Crispin Glover
0284390,1,1,1,1,1,1,1,1,1,1,1,1,1,1,1,1,1,1,1,0,0284390,George Folsey Jr.
0601680,1,1,1,1,2,2,2,2,2,2,2,2,2,2,2,2,2,2,2,0,0601680,Nick Moore
0136057,0,0,0,0,0,0,0,0,1,1,1,1,1,1,1,1,1,1,1,0,0136057,Luis Carballar
1382207,0,0,0,0,0,0,0,0,0,0,0,0,0,0,0,0,0,0,0,0,1382207,Robert Hoffman
0386946,0,0,0,0,0,0,0,0,0,0,0,0,0,0,0,0,0,0,0,0,0386946,Harry Hitner
0165679,0,0,0,0,0,0,0,0,1,1,1,1,1,1,1,1,1,1,1,0,0165679,Curtiss Clayton
0912536,1,1,1,1,1,2,2,2,2,2,3,3,3,3,4,4,4,4,4,0,0912536,Mark Warner
0757814,0,0,0,0,0,0,0,0,0,0,0,1,1,3,3,3,3,3,4,0,0757814,José Salcedo
0800943,0,0,0,0,0,0,0,3,3,3,4,5,5,5,5,5,5,5,5,0,0800943,Claire Simpson
0266703,0,0,0,0,0,0,0,0,0,0,0,0,0,0,0,0,0,0,0,0,0266703,Peter Fandetti
0795443,0,0,0,1,1,1,1,1,1,1,1,1,1,1,1,1,1,1,1,0,0795443,Terilyn A. Shropshire
1550471,0,0,0,0,0,0,0,0,0,0,0,0,0,0,0,0,0,1,1,0,1550471,Jorge Macaya
0074445,0,0,0,0,0,0,0,0,0,0,0,0,0,2,2,2,2,2,2,0,0074445,Jean-François Bergeron
0597812,1,3,4,4,4,4,4,4,4,4,4,4,4,4,4,4,4,4,4,0,0597812,Andrew Mondshein
1546474,0,0,0,0,0,0,0,0,0,0,0,0,0,0,0,0,0,0,0,0,1546474,Shane Ryan
0027590,4,4,4,4,4,4,4,5,5,5,5,5,5,5,5,5,5,5,5,0,0027590,William M. Anderson
1037555,0,0,0,0,0,0,0,0,0,0,1,1,1,1,1,1,1,2,2,0,1037555,Jeremy Harty
0388321,0,0,0,0,0,0,0,0,0,0,0,0,0,0,0,0,0,1,1,0,0388321,Darek Hodor
0780382,0,0,0,0,0,0,0,0,0,0,0,0,0,0,0,0,1,1,1,0,0780382,Tad Seaborn
1743856,0,0,0,0,0,0,0,0,0,0,0,0,0,0,0,0,0,0,0,0,1743856,Pascal Tosi
0275244,1,1,1,1,1,1,1,1,1,1,1,1,1,1,1,2,3,4,4,0,0275244,Larry Fessenden
0268051,0,0,0,0,0,0,0,0,0,0,0,0,0,0,0,0,0,0,0,0,0268051,Ned Farr
0058442,0,0,0,0,0,0,0,0,0,0,0,0,0,0,0,0,0,0,0,0,0058442,Phillip J. Bartell
0585344,0,0,0,0,0,0,0,0,1,1,1,2,5,5,8,15,17,17,17,0,0585344,Jim Mickle
0061926,0,0,0,0,0,0,1,1,1,1,1,1,1,1,1,1,1,1,1,0,0061926,Sam Bauer
4207146,0,0,0,0,0,0,0,0,0,0,0,0,0,0,0,0,0,1,5,0,4207146,Jason Mitchell
0921418,0,0,0,0,0,0,0,0,0,0,0,0,0,0,0,0,1,1,1,0,0921418,Jeffrey M. Werner
0560124,0,0,0,0,0,0,0,0,0,0,0,0,0,0,0,0,0,0,0,0,0560124,Nick Remy Matthews
0882326,0,0,0,0,0,0,0,1,1,1,1,1,1,1,1,1,1,1,1,0,0882326,Jane Usher
0007096,0,0,0,0,0,1,1,1,1,1,1,1,1,1,2,2,2,2,2,0,0007096,Wendey Stanzler
0462955,0,0,0,0,0,0,0,0,0,0,0,0,0,0,0,0,0,0,0,0,0462955,Herman P. Koerts
0010574,0,0,0,0,0,0,0,0,0,0,0,0,0,0,0,0,0,1,1,0,0010574,Peter R. Adam
0556573,0,0,0,0,0,0,0,0,1,1,1,1,1,1,1,1,1,1,1,0,0556573,Adam Mason
0716980,2,2,2,2,2,2,2,2,2,4,4,4,5,5,7,7,7,16,20,0,0716980,Kelly Reichardt
1256846,0,0,0,0,0,0,0,0,0,0,0,0,0,0,0,0,0,1,2,0,1256846,Olivier Bugge Coutté
0853731,0,0,0,0,0,0,0,0,0,0,0,0,0,2,2,2,2,2,2,0,0853731,David Tedeschi
0817980,1,1,1,1,1,1,1,1,1,1,2,2,2,2,3,3,3,3,3,0,0817980,Jesse Spencer
0517572,0,0,0,0,0,0,0,0,0,0,0,0,0,0,0,0,0,0,0,0,0517572,J.M. Logan
2094093,0,0,0,0,0,0,0,0,0,0,0,0,0,0,0,0,0,1,1,0,2094093,Zack Arnold
0277722,4,4,4,4,4,4,4,4,4,4,4,4,4,4,4,5,5,5,5,0,0277722,David Finfer
0958393,0,0,0,0,0,0,0,0,0,0,0,0,0,0,0,0,0,1,1,0,0958393,Paul Zucker
0225323,0,0,0,0,0,0,0,0,0,1,6,6,6,6,9,9,9,9,9,0,0225323,Chris Dickens
5961051,0,0,0,0,0,0,0,0,0,0,0,0,0,0,0,0,0,0,0,0,5961051,Arun Kumar
0638630,0,0,0,0,0,0,0,0,0,0,0,0,0,0,0,0,0,0,0,0,0638630,Roger Nygard
0579079,0,1,2,2,2,2,2,2,2,2,2,2,2,2,3,3,4,5,5,0,0579079,Mike Mendez
1418538,0,0,0,0,0,0,1,1,1,1,1,1,1,1,1,1,1,1,1,0,1418538,Jeremy Coon
0398335,0,0,0,0,0,0,0,0,0,0,0,0,0,0,0,0,0,1,1,0,0398335,Maysie Hoy
0598114,0,0,0,0,0,1,1,2,3,3,3,3,3,3,3,3,3,3,3,0,0598114,Colin Monie
0180083,0,0,0,0,0,0,0,0,0,0,0,1,1,1,1,1,1,1,1,0,0180083,Jon Corn
1197989,0,0,0,0,0,0,0,0,0,0,0,0,0,0,0,0,0,0,0,0,1197989,Jae-beom Kim
0001325,1,1,2,2,2,2,2,2,2,3,3,3,3,3,3,3,3,3,3,0,0001325,Hal Hartley
0414814,0,0,0,0,0,0,0,1,1,1,1,2,2,2,2,2,2,2,2,0,0414814,Clayton Jacobson
0002841,0,0,0,0,0,0,0,0,0,0,0,0,0,0,0,0,0,1,1,0,0002841,Jamie Kirkpatrick
2861672,0,0,0,0,0,0,0,0,0,0,0,0,0,0,0,0,0,0,0,0,2861672,Ron Davis
0869375,0,0,0,0,0,1,1,2,3,6,6,6,6,6,6,6,6,6,6,0,0869375,Paul Tothill
2234700,0,0,0,0,0,0,0,0,0,0,0,0,0,0,0,0,0,0,0,0,2234700,Alex Carrillo
0875639,0,0,0,0,0,0,0,0,0,0,0,0,0,0,0,0,0,0,0,0,0875639,Rick Tuber
0519787,1,1,1,1,1,1,1,1,1,1,1,1,1,1,1,1,2,2,2,0,0519787,Ronelle Loots
0070159,2,2,3,4,4,4,4,4,5,5,5,5,7,7,12,12,16,18,18,0,0070159,Jafar Panahi
1052643,0,0,0,0,0,0,0,0,0,1,1,1,1,1,1,1,1,1,1,0,1052643,Narumi Inatsugu
0755754,0,0,0,0,0,0,0,0,0,0,0,0,0,0,0,0,0,0,0,0,0755754,Mike Saenz
1193805,0,0,0,0,0,0,0,0,0,1,1,1,1,1,1,1,1,1,1,0,1193805,Yves Beloniak
0224071,0,0,0,0,0,0,0,2,2,2,2,2,2,2,2,2,2,2,2,0,0224071,Claudio Di Mauro
1502072,0,0,0,0,0,0,0,1,1,1,1,2,2,2,2,2,2,2,2,0,1502072,Cam Archer
1437652,0,0,0,0,0,0,0,0,0,0,0,0,0,0,0,0,0,0,0,0,1437652,Adam B. Stein
1119279,0,0,0,0,1,1,1,1,1,1,1,1,1,1,1,1,1,1,1,0,1119279,Ferne Pearlstein
1379502,0,0,0,0,0,0,0,0,0,0,0,0,0,0,0,0,0,0,0,0,1379502,Ilker Canikligil
0240307,0,0,0,0,0,0,0,0,0,0,0,0,0,0,0,0,0,0,0,0,0240307,France Duez
0176249,1,1,1,1,1,1,1,2,2,2,2,2,3,3,3,3,3,3,3,0,0176249,Mark Conte
0418011,0,0,0,0,0,0,0,0,0,0,0,0,0,0,0,1,1,1,1,0,0418011,Janus Billeskov Jansen
0082366,0,0,0,0,0,0,0,0,1,2,2,2,2,2,2,2,2,4,4,0,0082366,Anna Biller
0001967,1,2,2,2,3,3,4,5,5,5,5,5,5,5,5,5,5,5,5,0,0001967,Peter Boyle
1251520,0,0,0,0,0,0,0,0,0,0,0,0,0,0,0,0,0,0,0,0,1251520,Yana Gorskaya
0170788,1,1,1,1,1,1,1,1,1,1,1,1,1,1,1,1,1,1,1,0,0170788,Stan Cole
0275845,0,0,0,0,0,0,0,0,0,0,0,0,0,0,0,0,0,0,0,0,0275845,Milenia Fiedler
0007192,0,0,0,0,0,0,0,0,0,0,1,1,1,1,1,1,1,1,1,0,0007192,Peter S. Elliot
1258908,0,0,0,0,0,0,0,0,0,0,0,0,0,0,0,0,0,1,1,0,1258908,Helle le Fevre
1410159,0,0,0,0,0,0,0,0,1,1,2,2,2,4,4,4,4,4,4,0,1410159,David Bruckner
0449652,1,1,1,1,1,1,1,1,1,1,1,1,1,1,1,1,1,1,1,0,0449652,William Kerr
0994639,0,0,0,0,0,0,1,1,1,1,1,1,1,1,1,1,1,1,1,0,0994639,Hugo Primero
0001814,2,2,2,3,3,4,4,4,4,13,25,31,31,31,32,32,33,33,33,0,0001814,Gus Van Sant
0023398,0,0,0,0,0,0,0,0,0,0,0,0,0,0,0,0,0,0,0,0,0023398,Timothy Alverson
0156376,1,1,1,1,1,1,1,1,1,1,1,1,1,1,1,1,1,1,1,0,0156376,Scott Chestnut
0062715,0,0,0,0,0,0,0,0,0,0,0,0,0,0,0,0,0,0,0,0,0062715,David Baxter
0721718,0,0,0,0,0,0,0,0,0,0,0,0,0,0,0,0,0,0,0,0,0721718,Frank Reynolds
0000365,1,1,1,1,1,2,2,2,2,4,5,5,5,5,18,28,28,28,28,0,0000365,Julie Delpy
0811761,0,0,0,0,0,0,0,0,0,0,0,0,0,0,0,0,0,5,7,0,0811761,Joan Sobel
0638116,0,0,0,0,0,2,2,2,2,2,2,2,2,2,2,2,2,2,2,0,0638116,Fabio Nunziata
0133611,0,0,0,0,0,0,0,0,0,0,0,0,0,0,0,0,0,0,0,0,0133611,Jeff Canavan
0248063,0,0,0,0,0,0,0,0,3,6,6,6,6,6,6,6,6,6,7,0,0248063,Lucas Elliot Eberl
0907970,1,1,1,1,2,2,2,2,3,3,4,4,4,4,4,4,4,4,4,0,0907970,Lesley Walker
0079111,0,0,0,0,0,0,0,0,0,0,0,1,1,1,1,1,2,2,2,0,0079111,Jeff Betancourt
0233827,0,0,1,4,4,4,4,4,4,4,5,5,5,5,5,6,6,6,6,0,0233827,Dody Dorn
0773685,0,0,1,5,5,5,6,6,6,6,7,7,7,8,8,8,8,8,9,0,0773685,Hervé Schneid
0004637,1,1,1,1,1,1,1,1,1,1,1,1,1,1,1,1,1,1,1,0,0004637,Harry Keramidas
0936392,0,0,0,0,0,0,0,0,0,0,0,0,0,0,0,0,0,0,0,0,0936392,Pam Wise
0606294,0,0,1,1,1,1,1,1,1,1,1,1,1,1,2,2,2,2,2,0,0606294,Kirk M. Morri
1749554,0,0,0,0,0,0,0,0,0,0,0,0,0,0,0,1,2,2,3,0,1749554,Eric Kissack
3653190,0,0,0,0,0,0,0,0,0,0,0,0,0,0,1,1,1,2,2,0,3653190,Michael O'Brien
0177969,0,0,0,0,0,1,1,1,1,1,1,2,3,3,4,4,4,4,4,0,0177969,Dany Cooper
0813568,0,0,0,0,0,0,0,0,0,0,0,0,0,0,0,0,0,2,3,0,0813568,Sandy S. Solowitz
0087595,0,0,0,0,0,0,0,0,0,0,0,0,0,0,0,0,0,0,0,0,0087595,Jamie Blanks
0064555,1,1,1,1,1,1,1,1,1,1,1,1,1,1,1,1,1,1,1,0,0064555,Nicholas Beauman
0660413,0,0,0,0,0,0,0,0,0,0,0,1,1,1,1,1,1,1,1,0,0660413,Sven Pape
0470410,1,1,1,1,1,1,1,1,1,1,1,1,1,1,1,1,1,1,1,0,0470410,Carole Kravetz Aykanian
0085589,0,0,0,1,1,1,1,1,1,1,1,1,1,1,1,1,1,1,1,0,0085589,David Blackburn
0902092,1,1,1,2,3,3,3,3,3,3,3,3,3,3,3,3,3,7,7,0,0902092,Wiebke von Carolsfeld
0101908,0,0,0,0,0,0,0,1,2,2,2,2,2,2,2,2,2,2,2,0,0101908,Sarah Boyd
0579631,2,2,2,2,2,2,2,2,2,2,2,2,2,2,2,2,2,2,2,0,0579631,Enzo Meniconi
1164744,0,0,0,0,0,0,0,1,1,1,1,1,1,1,1,1,1,1,1,0,1164744,Stuart Gazzard
1381758,0,0,0,0,0,0,0,0,0,0,0,0,0,0,0,0,0,0,0,0,1381758,Pooja Ladha Surti
1987792,0,0,0,0,0,0,0,0,0,0,0,0,0,0,0,0,0,0,0,0,1987792,Josh Rifkin
0053672,0,0,0,0,0,0,0,0,0,0,0,0,0,0,0,0,2,3,3,0,0053672,Pablo Barbieri Carrera
0550825,2,2,2,2,2,2,2,2,2,2,2,2,2,2,2,2,2,2,2,0,0550825,Dave Marshall
0733223,0,0,0,0,0,1,1,1,1,1,1,1,1,1,1,1,1,2,2,0,0733223,Lisa Robison
0771131,1,2,2,2,2,2,2,2,2,2,2,2,2,2,2,2,3,3,3,0,0771131,Christof Schertenleib
1240053,0,0,0,0,0,0,0,0,0,1,1,1,1,1,1,1,1,1,1,0,1240053,Christoffer Heie
0918733,0,0,0,0,0,0,0,0,0,0,0,4,13,14,15,15,15,15,15,0,0918733,Andrew Weisblum
0328924,4,4,4,4,4,4,4,4,4,4,4,4,4,4,4,5,5,5,5,0,0328924,Dean Goodhill
3131753,0,0,0,0,0,0,0,0,0,0,0,0,0,0,0,0,0,0,0,0,3131753,Hemanth Kumar
1846132,0,0,0,0,0,0,0,0,0,0,0,1,1,2,5,8,8,9,9,0,1846132,Joe Swanberg
0908857,0,0,0,0,0,0,1,1,1,1,1,1,1,1,1,1,1,1,1,0,0908857,Scott J. Wallace
0658482,1,1,1,1,1,1,1,1,1,1,1,1,1,1,1,1,1,1,2,0,0658482,Tony Palmer
1435831,0,0,0,0,0,0,0,1,1,1,1,1,1,1,1,1,1,1,1,0,1435831,Luke Hutton
0481512,0,0,0,0,0,0,0,0,0,0,0,0,0,0,0,0,0,0,0,0,0481512,Michael LaHaie
0083028,0,0,0,0,0,0,0,0,0,0,0,0,0,0,0,0,1,2,2,0,0083028,Lisa Binkley
0730013,0,0,0,0,0,0,0,0,0,0,1,1,1,1,1,2,6,6,6,0,0730013,Gary Roach
0221115,0,0,0,0,0,0,0,0,0,0,0,0,0,0,0,0,0,0,0,0,0221115,Valérie Deseine
0583030,0,0,0,0,1,1,1,1,1,1,1,1,1,1,1,1,1,2,2,0,0583030,Benjamin Meyer
0484901,0,0,0,0,0,0,0,0,0,0,0,0,0,0,0,1,1,1,1,0,0484901,Michael Landon Jr.
0090867,0,0,0,0,0,0,0,0,0,0,0,1,1,1,1,1,1,1,1,0,0090867,Kristina Boden
1415705,0,0,0,0,0,0,0,0,0,0,0,0,0,1,1,1,1,1,1,0,1415705,Erin Greenwell
0407180,1,1,1,1,1,1,1,1,1,1,1,2,2,2,2,2,2,2,3,0,0407180,Marya Ignacio
1527153,0,0,0,0,0,0,0,0,0,0,0,0,0,0,0,0,0,0,0,0,1527153,Raja Mohammad
0829466,1,1,1,2,2,2,2,2,2,2,2,2,2,2,2,2,2,2,2,0,0829466,Jim Stewart
0281311,0,0,0,0,0,0,0,0,0,0,0,0,0,0,0,0,0,0,0,0,0281311,Seth Flaum
1409133,0,0,0,0,0,0,0,0,0,1,1,1,1,2,2,2,2,2,2,0,1409133,Jeremiah Munce
1207335,0,0,0,0,0,0,0,0,0,0,0,0,0,0,0,0,0,0,0,0,1207335,Aram Nigoghossian
0528409,0,0,0,0,0,0,0,0,0,0,0,1,1,1,1,1,1,1,1,0,0528409,Molly Lynch
0298600,0,0,1,2,2,2,2,2,2,2,2,2,2,2,2,2,2,2,2,0,0298600,Hans Funck
0589168,1,2,2,2,2,2,2,2,2,2,2,2,2,2,2,2,2,2,2,0,0589168,Randall Miller
1154600,0,0,1,1,1,1,1,1,1,1,1,1,1,1,1,2,2,2,2,0,1154600,Chandan Arora
1909615,0,0,0,0,0,0,0,0,0,0,0,0,0,0,1,1,1,1,1,0,1909615,Stefan Stabenow
0003789,2,2,2,2,2,2,2,2,2,2,2,2,2,2,2,2,2,2,2,0,0003789,David Birdsell
0956890,0,0,0,0,0,0,0,0,0,0,0,1,1,1,1,1,1,1,1,0,0956890,Thom Zimny
1773588,0,0,0,0,0,0,0,0,0,0,0,0,0,0,0,0,0,0,0,0,1773588,Ismo Kiesiläinen
0711235,0,0,0,0,0,0,0,0,0,0,0,0,0,0,3,3,4,4,4,0,0711235,Fred Raskin
0500139,1,1,1,1,1,1,1,1,1,1,1,1,1,1,1,1,1,1,1,0,0500139,Marc Leif
0787603,1,1,1,1,1,1,1,1,1,1,1,1,1,1,1,1,1,1,1,0,0787603,Rick Shaine
1029112,0,0,0,0,0,0,0,0,0,0,0,3,4,4,4,4,4,4,4,0,1029112,Luke Doolan
0958661,0,0,0,0,0,0,0,0,0,0,0,0,0,0,0,0,0,0,0,0,0958661,Pablo Zumárraga
2074041,0,0,0,0,0,0,0,0,0,0,0,0,0,0,0,0,1,2,4,0,2074041,Rachel Tunnard
1409857,0,0,0,0,0,0,0,0,0,2,3,3,4,4,4,4,4,4,4,0,1409857,Rodrigo Balart
0264628,0,0,0,0,0,0,0,0,0,0,0,0,0,0,0,1,1,1,1,0,0264628,Anne Fabini
0041644,1,1,1,1,1,1,1,1,1,1,1,1,1,1,1,1,1,1,1,0,0041644,Mick Audsley
0725353,0,0,1,1,1,2,2,2,2,2,2,2,2,2,2,2,2,2,2,0,0725353,Scott Richter
0353074,3,3,3,4,4,4,4,4,4,4,5,5,5,5,6,7,7,8,10,0,0353074,Veronika Jenet
0861736,0,0,0,0,0,0,0,0,0,0,0,0,0,0,0,0,0,0,0,0,0861736,Fredrik Thorsen
0854403,0,0,0,0,0,0,0,0,0,0,0,0,0,1,1,1,1,2,2,0,0854403,Christopher Tellefsen
1435739,0,0,0,0,0,0,0,0,0,0,0,0,0,0,0,0,1,1,1,0,1435739,Tom Hemmings
0204440,0,0,0,0,0,0,0,0,0,0,0,0,0,0,0,0,0,0,0,0,0204440,Daryl K. Davis
0398861,1,1,1,1,1,1,1,1,1,1,1,1,1,1,2,3,3,4,5,0,0398861,Hung Poon
0495587,0,0,0,0,0,0,0,0,0,0,0,0,0,0,0,0,0,0,1,0,0495587,Sylvain Lebel
0094269,0,0,0,0,0,0,0,0,0,0,0,0,0,0,0,0,0,0,1,0,0094269,Valerio Bonelli
1638941,0,0,0,0,0,0,0,0,0,0,0,0,0,0,0,1,1,1,1,0,1638941,John F. Lyons
0907863,0,0,0,0,0,0,0,0,0,0,1,1,2,4,4,4,4,8,16,0,0907863,Joe Walker
1740618,0,0,0,0,0,0,0,0,0,0,1,1,1,1,1,1,1,1,1,0,1740618,Joshua Rous
2258268,0,0,0,0,0,1,1,1,1,1,1,1,1,1,1,1,2,2,2,0,2258268,Andy Grieve
2206668,0,0,0,0,0,0,0,0,0,0,0,0,0,0,0,0,0,0,0,0,2206668,Erhan Acar Jr.
0521805,0,0,0,0,0,0,0,0,0,0,1,1,1,1,1,1,1,1,1,0,0521805,Joona Louhivuori
0028418,0,0,0,0,0,0,0,0,0,0,0,0,0,0,0,0,0,0,0,0,0028418,Michael Andres
0219965,0,0,0,0,0,1,1,1,1,1,1,1,2,2,3,4,4,4,4,0,0219965,Roderick Deogrades
0574934,0,0,0,0,0,0,0,0,0,0,0,0,0,0,0,0,0,0,0,0,0574934,Wrik Mead
0248535,0,0,0,0,0,0,0,0,0,0,0,0,0,0,0,0,0,0,0,0,0248535,Stephen Eckelberry
0518505,0,0,0,0,0,0,0,0,0,0,0,0,0,0,0,0,0,0,0,0,0518505,Tony Lombardo
1863359,0,0,0,0,0,0,0,0,0,0,0,0,0,0,0,0,1,1,1,0,1863359,Aden Bahadori
0772602,0,0,0,0,0,1,1,1,1,1,1,1,1,1,1,1,1,1,1,0,0772602,Karen Schmeer
0187954,0,0,0,0,0,0,0,0,3,3,3,3,3,3,3,11,17,17,17,0,0187954,Douglas Crise
0003102,0,0,0,0,0,0,0,0,0,0,0,0,0,0,0,0,0,0,2,0,0003102,Job ter Burg
0761260,0,0,0,0,0,0,0,0,0,0,1,1,1,1,1,1,1,1,1,0,0761260,Francine Sandberg
0145979,0,0,0,0,0,0,0,0,0,0,0,0,0,1,1,1,1,1,1,0,0145979,Angela M. Catanzaro
0506634,0,0,0,0,0,0,0,0,0,0,1,1,1,1,2,2,2,2,2,0,0506634,Stuart Levy
0215281,0,0,0,0,1,1,1,1,1,2,3,3,4,4,4,4,4,4,4,0,0215281,Thomas Dekker
0876392,0,0,0,0,0,0,0,0,0,0,0,0,0,0,1,2,2,2,2,0,0876392,Barbara Tulliver
1477623,0,0,0,0,0,0,0,0,0,0,0,0,0,0,0,0,0,6,17,0,1477623,Nat Sanders
1290515,0,0,0,0,0,0,0,0,0,2,3,3,3,3,3,3,4,9,11,0,1290515,Antonio Campos
1651766,0,0,0,0,0,0,0,0,0,0,0,0,0,0,0,0,1,1,1,0,1651766,Debbie Berman
0069958,0,0,0,0,0,0,0,0,0,0,0,0,0,0,0,0,0,0,0,0,0069958,Nadia Ben Rachid
0084059,0,0,0,0,0,0,0,0,0,1,1,1,1,1,1,1,1,2,2,0,0084059,Gregg Bishop
0738196,1,1,1,1,1,1,1,1,1,1,1,1,1,1,1,1,1,1,1,0,0738196,Tom Rolf
0255360,1,1,1,1,1,1,1,1,1,1,1,1,1,1,1,1,1,1,1,0,0255360,Stéphane Elmadjian
0094850,0,1,2,3,3,3,3,3,3,3,3,3,5,5,5,5,5,5,5,0,0094850,Mathilde Bonnefoy
0285738,1,1,1,1,1,1,1,1,1,1,1,1,1,1,1,1,1,1,2,0,0285738,Kevin Ford
0510458,0,0,0,0,0,0,0,0,0,0,0,0,0,0,0,0,0,0,0,0,0510458,Jennifer Lilly
0287295,1,1,1,1,1,1,1,1,1,1,2,2,2,2,2,3,3,4,4,0,0287295,Dominique Fortin
0553796,0,0,0,0,0,0,0,0,0,0,2,2,2,2,2,2,2,2,2,0,0553796,Derick Martini
0845465,0,0,0,0,0,0,0,0,0,0,0,0,0,0,0,0,0,1,1,0,0845465,Johan Söderberg
2704895,0,0,0,0,0,0,0,0,0,0,0,0,0,0,0,0,0,0,2,0,2704895,Steven Kastrissios
0080289,0,0,0,0,0,0,0,0,0,0,0,0,0,0,0,1,1,1,1,0,0080289,Deepa Bhatia
0467726,0,0,0,0,0,0,0,0,0,0,0,0,0,0,0,0,0,0,0,0,0467726,Philippe Kotlarski
0350726,0,0,1,1,1,1,1,1,1,1,1,1,1,1,1,1,1,1,1,0,0350726,François Gédigier
1349818,0,0,0,0,0,0,0,0,0,1,3,4,4,4,4,4,4,4,4,0,1349818,Anna Boden
0012255,0,0,0,0,0,0,0,0,0,0,0,0,0,0,0,0,0,0,0,0,0012255,Anthony Adler
0003759,0,0,0,0,0,0,0,0,0,0,0,0,0,0,0,0,0,0,0,0,0003759,Ed Marx
0127009,0,0,0,0,0,1,1,1,1,2,2,2,2,2,2,2,2,2,3,0,0127009,Bettina Böhler
2986811,0,0,0,0,0,0,0,0,0,0,0,0,0,0,0,0,0,0,0,0,2986811,John Suits
0559525,0,0,0,0,0,0,0,0,0,0,0,0,0,0,0,1,1,1,1,0,0559525,Kelly Matsumoto
0712587,0,0,0,0,0,0,0,0,0,0,0,0,0,0,0,0,0,0,0,0,0712587,Fabienne Rawley
0048677,0,0,0,0,0,0,1,1,1,1,1,1,1,1,1,1,1,1,1,0,0048677,Lane Baker
0684067,0,0,0,0,0,0,0,0,0,0,0,0,0,0,0,0,0,0,0,0,0684067,Christophe Pinel
0448872,0,0,0,0,0,0,0,0,0,0,0,0,0,0,0,0,0,1,2,0,0448872,Tony Kent
4859068,0,0,0,0,0,0,0,0,0,0,0,0,0,1,1,1,1,1,1,0,4859068,Charlie Renfrew
0873262,0,0,0,0,0,0,0,0,0,0,0,1,1,1,1,1,1,1,1,0,0873262,Ludo Troch
0375028,1,1,1,1,1,1,1,1,2,2,2,2,2,2,2,2,2,2,2,0,0375028,David Helfand
